0 5.37e-01 1.75e+00 1.11e+01 -5.54e+00 5.00e+00 1.68e-01
250 8.37e-04 3.45e-02 3.89e-03 -1.95e-03 5.00e+00 5.08e+00
500 4.19e-05 1.76e-03 2.07e-04 -1.04e-04 5.00e+00 1.00e+01
750 2.06e-05 1.72e-03 1.05e-04 -5.23e-05 5.00e+00 1.54e+01
1000 7.70e-05 1.57e-03 1.10e-04 -5.49e-05 5.00e+00 2.05e+01
1250 2.67e-05 1.57e-03 3.94e-05 1.97e-05 5.00e+00 2.53e+01
1500 3.67e-05 1.30e-03 1.20e-04 -5.99e-05 5.00e+00 3.05e+01
1750 2.88e-05 1.28e-03 1.49e-04 -7.44e-05 5.00e+00 3.54e+01
2000 2.47e-05 2.01e-03 1.43e-04 -7.13e-05 5.00e+00 4.03e+01
2250 1.19e-05 1.57e-03 8.55e-07 4.28e-07 5.00e+00 4.53e+01
2500 1.86e-05 1.13e-03 8.90e-05 4.45e-05 5.00e+00 5.07e+01