 it :     b*y       gap    delta  rate   t/tP*  t/tD*   feas cg cg  prec
  0 :            5.88E-02 0.000
  1 :   5.35E-01 2.61E-02 0.000 0.4450 0.9000 0.9000   3.96  1  1  1.5E+00
  2 :   6.34E-02 6.85E-03 0.000 0.2620 0.9000 0.9000   1.82  1  1  2.9E-01
  3 :   1.08E-02 1.26E-03 0.000 0.1832 0.9000 0.9000   1.19  1  1  5.0E-02
  4 :   4.21E-04 5.93E-05 0.000 0.0473 0.9900 0.9900   1.03  1  1  2.3E-03
  5 :   2.39E-05 3.40E-06 0.000 0.0573 0.9900 0.9900   1.00  1  1  1.3E-04
  6 :   4.44E-06 6.39E-07 0.000 0.1881 0.9000 0.9000   1.00  1  1  2.5E-05
  7 :   8.42E-07 1.23E-07 0.000 0.1925 0.9000 0.9000   1.00  1  1  4.8E-06
  8 :   1.61E-07 2.40E-08 0.000 0.1948 0.9000 0.9000   1.00  1  1  9.3E-07
  9 :   3.07E-08 4.63E-09 0.000 0.1932 0.9000 0.9000   1.00  1  1  1.8E-07
 10 :   5.85E-09 8.94E-10 0.000 0.1930 0.9000 0.9000   1.00  1  1  3.5E-08
 11 :   1.15E-09 1.79E-10 0.000 0.1997 0.9000 0.9000   1.00  1  1  7.0E-09
 12 :   2.37E-10 3.76E-11 0.000 0.2107 0.9000 0.9000   1.00  1  1  1.5E-09
 13 :   5.01E-11 8.12E-12 0.000 0.2158 0.9000 0.9000   1.00  1  1  3.2E-10