 it :     b*y       gap    delta  rate   t/tP*  t/tD*   feas cg cg  prec
  0 :            1.21E-01 0.000
  1 :   4.12E-01 5.28E-02 0.000 0.4370 0.9000 0.9000   3.68  1  1  1.5E+00
  2 :   3.97E-02 1.21E-02 0.000 0.2300 0.9000 0.9000   1.75  1  1  2.6E-01
  3 :   6.51E-03 2.35E-03 0.000 0.1934 0.9000 0.9000   1.15  1  1  4.8E-02
  4 :   4.73E-04 1.83E-04 0.000 0.0779 0.9900 0.9900   1.03  1  1  3.7E-03
  5 :   8.70E-05 3.41E-05 0.000 0.1868 0.9000 0.9000   1.00  1  1  6.9E-04
  6 :   8.03E-06 3.22E-06 0.000 0.0943 0.9900 0.9900   1.00  1  1  6.5E-05
  7 :   1.45E-06 5.89E-07 0.000 0.1830 0.9000 0.9000   1.00  1  1  1.2E-05
  8 :   1.24E-07 5.12E-08 0.000 0.0868 0.9900 0.9900   1.00  1  1  1.0E-06
  9 :   1.10E-08 4.62E-09 0.000 0.0902 0.9900 0.9900   1.00  1  1  9.3E-08
 10 :   1.04E-09 4.47E-10 0.000 0.0969 0.9900 0.9900   1.00  1  1  9.0E-09
 11 :   2.36E-10 1.06E-10 0.000 0.2378 0.9000 0.9000   1.00  1  1  2.1E-09
 12 :   5.42E-11 2.55E-11 0.000 0.2400 0.9000 0.9000   1.00  1  1  5.1E-10