it :     b*y       gap    delta  rate   t/tP*  t/tD*   feas cg cg  prec
  0 :            6.71E-01 0.000
  1 :   1.06E-01 2.57E-01 0.000 0.3838 0.9000 0.9000   2.73  1  1  1.6E+00
  2 :  -1.15E-03 2.44E-02 0.000 0.0948 0.9900 0.9900   1.47  1  1  5.5E-01
  3 :  -2.72E-04 5.05E-03 0.000 0.2068 0.9000 0.9000   1.04  1  1  1.4E-01
  4 :  -3.02E-05 4.99E-04 0.000 0.0990 0.9900 0.9900   1.01  1  1  1.5E-02
  5 :  -2.87E-06 4.39E-05 0.000 0.0879 0.9900 0.9900   1.00  1  1  1.4E-03
  6 :  -2.43E-07 3.52E-06 0.000 0.0801 0.9900 0.9900   1.00  1  1  1.2E-04
  7 :  -2.07E-08 2.87E-07 0.000 0.0817 0.9900 0.9900   1.00  1  1  1.0E-05
  8 :  -1.74E-09 2.31E-08 0.000 0.0804 0.9900 0.9900   1.00  1  1  8.4E-07
  9 :  -1.47E-10 1.85E-09 0.000 0.0802 0.9900 0.9900   1.00  1  1  7.1E-08
 10 :  -1.47E-11 1.73E-10 0.000 0.0932 0.9900 0.9900   1.00  1  1  7.0E-09
 11 :  -2.87E-12 3.22E-11 0.000 0.1861 0.9000 0.9000   1.00  1  1  1.4E-09
 12 :  -2.72E-13 2.84E-12 0.000 0.0882 0.9900 0.9900   1.00  2  2  1.3E-10