it :     b*y       gap    delta  rate   t/tP*  t/tD*   feas cg cg  prec
  0 :            2.73E-01 0.000
  1 :   3.13E-01 1.10E-01 0.000 0.4035 0.9000 0.9000   3.29  1  1  1.5E+00
  2 :   2.87E-02 2.33E-02 0.000 0.2116 0.9000 0.9000   1.61  1  1  2.5E-01
  3 :   9.58E-04 7.89E-04 0.000 0.0339 0.9900 0.9900   1.12  1  1  8.0E-03
  4 :   4.75E-05 3.94E-05 0.000 0.0500 0.9900 0.9900   1.00  1  1  4.0E-04
  5 :   8.86E-06 7.48E-06 0.000 0.1898 0.9000 0.9000   1.00  1  1  7.5E-05
  6 :   1.63E-06 1.40E-06 0.000 0.1875 0.9000 0.9000   1.00  1  1  1.4E-05
  7 :   1.56E-07 1.38E-07 0.000 0.0984 0.9900 0.9900   1.00  1  1  1.4E-06
  8 :   3.00E-08 2.70E-08 0.000 0.1960 0.9000 0.9000   1.00  1  1  2.7E-07
  9 :   5.48E-09 5.02E-09 0.000 0.1856 0.9000 0.9000   1.00  1  1  5.1E-08
 10 :   4.84E-10 4.53E-10 0.000 0.0902 0.9900 0.9900   1.00  1  1  4.6E-09
 11 :   4.57E-11 4.40E-11 0.000 0.0971 0.9900 0.9900   1.00  2  2  4.4E-10