 it :     b*y       gap    delta  rate   t/tP*  t/tD*   feas cg cg  prec
  0 :            3.11E-02 0.000
  1 :   5.90E-01 1.43E-02 0.000 0.4604 0.9000 0.9000   4.18  1  1  1.5E+00
  2 :   6.52E-02 3.71E-03 0.000 0.2594 0.9000 0.9000   1.92  1  1  2.8E-01
  3 :   1.14E-02 7.55E-04 0.000 0.2034 0.9000 0.9000   1.20  1  1  5.3E-02
  4 :   2.13E-03 1.53E-04 0.000 0.2024 0.9000 0.9000   1.04  1  1  1.1E-02
  5 :   1.85E-04 1.40E-05 0.000 0.0917 0.9900 0.9900   1.01  1  1  9.6E-04
  6 :   1.61E-05 1.24E-06 0.000 0.0885 0.9900 0.9900   1.00  1  1  8.5E-05
  7 :   2.91E-06 2.26E-07 0.000 0.1825 0.9000 0.9000   1.00  1  1  1.6E-05
  8 :   2.60E-07 2.05E-08 0.000 0.0907 0.9900 0.9900   1.00  1  1  1.4E-06
  9 :   2.53E-08 2.03E-09 0.000 0.0992 0.9900 0.9900   1.00  1  1  1.4E-07
 10 :   4.71E-09 3.83E-10 0.000 0.1882 0.9000 0.9000   1.00  1  1  2.6E-08
 11 :   8.61E-10 7.08E-11 0.000 0.1849 0.9000 0.9000   1.00  1  1  4.9E-09
 12 :   1.58E-10 1.31E-11 0.000 0.1855 0.9000 0.9000   1.00  1  1  9.0E-10